{
 "cells": [
  {
   "cell_type": "markdown",
   "id": "5b35ba35",
   "metadata": {},
   "source": [
    "<center><h1 style=\"color:#1a1a1a;\n",
    "                    font-size:3em\">\n",
    "        NHANES - MTech Project \n",
    "        </h1> \n",
    "        <h2 style=\"color:#1a1a1a;\n",
    "                    font-size:2em\">\n",
    "        Feature Selection - Previous Studies fields - Lab Data Only\n",
    "       </h2>\n",
    "       <h3 style=\"color:#1a1a1a;\n",
    "                    font-size:2em\">\n",
    "        Prakash Easow Thomas - 2022DA04285 - June 2024\n",
    "       </h3>\n",
    "</center>"
   ]
  },
  {
   "cell_type": "markdown",
   "id": "1d29c4a6",
   "metadata": {},
   "source": [
    "# 1. Importing Libraries and Reading the Datasets\n",
    "\n",
    "## 1.1 Importing the Libraries"
   ]
  },
  {
   "cell_type": "code",
   "execution_count": 3,
   "id": "c50efd5f",
   "metadata": {},
   "outputs": [],
   "source": [
    "import os\n",
    "import pandas as pd\n",
    "import numpy as np\n",
    "import seaborn as sns\n",
    "import matplotlib.pyplot as plt\n",
    "from sklearn.feature_selection import SelectKBest, f_classif\n",
    "from sklearn.preprocessing import LabelEncoder\n",
    "from sklearn.model_selection import train_test_split\n",
    "import xgboost as xgb\n",
    "from sklearn.metrics import accuracy_score\n",
    "from sklearn.preprocessing import MinMaxScaler, StandardScaler"
   ]
  },
  {
   "cell_type": "markdown",
   "id": "31170940",
   "metadata": {},
   "source": [
    "## 1.2 Reading the NHANES 2018 Datasets"
   ]
  },
  {
   "cell_type": "code",
   "execution_count": 5,
   "id": "2362a39b",
   "metadata": {},
   "outputs": [],
   "source": [
    "merged_dfNHAENES2018_selected  = pd.read_csv('C:\\Prakash\\Personal\\Studies\\Techincal\\MTech. Data Science and Engineering\\Semester-wise\\Semester-I\\Study\\Sem-I - 0- Python Fundamentals for Data Science (S1-22_DSECLPFDS)\\PythonPgm\\MTech-Proj03-NHANES-2018\\Data\\After_DataPreprocessing_Lab.csv')"
   ]
  },
  {
   "cell_type": "markdown",
   "id": "5e1b6aa5",
   "metadata": {},
   "source": [
    "# 2. Data Verification - NHANES 2018 Data\n",
    "\n",
    "## 2.1 Data Verification"
   ]
  },
  {
   "cell_type": "code",
   "execution_count": 7,
   "id": "9188de2c",
   "metadata": {},
   "outputs": [
    {
     "name": "stdout",
     "output_type": "stream",
     "text": [
      "      LBXGLU  LBXSGL  LBDHDD  LBDLDL  LBXTC  URXUCR  URDACT  LBXSCR  LBXSGTSI  \\\n",
      "0     125.00    85.0    60.0    18.0  157.0    24.0   13.33    0.92      21.0   \n",
      "1     102.54    94.0    47.0    18.0  148.0    69.0   57.39    0.81      16.0   \n",
      "2     114.02   115.0    68.0    18.0  189.0   209.0   19.90    0.64       9.0   \n",
      "3     122.00   116.0    88.0   109.0  209.0    47.0   19.36    0.58      22.0   \n",
      "4     125.00    96.0    65.0    18.0  176.0   215.0   12.28    1.32      31.0   \n",
      "...      ...     ...     ...     ...    ...     ...     ...     ...       ...   \n",
      "5946  158.00   150.0    60.0    43.0  119.0    51.0   10.39    0.70      18.0   \n",
      "5947  122.63   101.0    49.0    18.0  182.0   231.0    4.42    0.92      28.0   \n",
      "5948   94.00    88.0    54.0   108.0  172.0    31.0   10.97    0.69       8.0   \n",
      "5949  111.15    84.0    34.0    18.0  150.0   177.0   47.01    0.85      16.0   \n",
      "5950   91.00    90.0    34.0    75.0  163.0    75.0   70.93    0.82      72.0   \n",
      "\n",
      "      LBXHGB  LBXMCHSI  LBXMC   LBXIN  URXPREG  LBXTR  LBXSUA  LBXGH  \n",
      "0       11.9      21.7   32.4    8.00      2.0   90.0     5.8    6.2  \n",
      "1       16.3      31.1   34.7    8.00      2.0   90.0     8.0    5.2  \n",
      "2       14.5      28.9   34.4    8.00      2.0   90.0     5.5    5.6  \n",
      "3       13.2      28.8   33.1    9.72      2.0   58.0     4.5    6.2  \n",
      "4       15.4      30.0   33.8    8.00      2.0   90.0     6.2    6.3  \n",
      "...      ...       ...    ...     ...      ...    ...     ...    ...  \n",
      "5946    13.4      29.0   33.1    4.39      2.0   78.0     6.4    7.4  \n",
      "5947    15.5      30.9   34.8    8.00      2.0   90.0     5.8    5.9  \n",
      "5948     6.4      17.3   27.9    9.49      2.0   49.0     3.1    5.2  \n",
      "5949    11.4      23.1   33.7    8.00      2.0   90.0     6.3    5.5  \n",
      "5950    17.4      31.9   34.7  105.73      2.0  269.0     6.4    5.4  \n",
      "\n",
      "[5951 rows x 17 columns]\n"
     ]
    }
   ],
   "source": [
    "print(merged_dfNHAENES2018_selected)"
   ]
  },
  {
   "cell_type": "code",
   "execution_count": 8,
   "id": "2afb1f4e-9a97-4e84-89c5-2e9014d81270",
   "metadata": {
    "tags": []
   },
   "outputs": [
    {
     "name": "stdout",
     "output_type": "stream",
     "text": [
      "\n",
      "Count of NaN values in each column:\n",
      "LBXGLU      0\n",
      "LBXSGL      0\n",
      "LBDHDD      0\n",
      "LBDLDL      0\n",
      "LBXTC       0\n",
      "URXUCR      0\n",
      "URDACT      0\n",
      "LBXSCR      0\n",
      "LBXSGTSI    0\n",
      "LBXHGB      0\n",
      "LBXMCHSI    0\n",
      "LBXMC       0\n",
      "LBXIN       0\n",
      "URXPREG     0\n",
      "LBXTR       0\n",
      "LBXSUA      0\n",
      "LBXGH       0\n",
      "dtype: int64\n"
     ]
    }
   ],
   "source": [
    "nan_counts = merged_dfNHAENES2018_selected.isna().sum()\n",
    "print(\"\\nCount of NaN values in each column:\")\n",
    "print(nan_counts)"
   ]
  },
  {
   "cell_type": "markdown",
   "id": "8e53db4f",
   "metadata": {},
   "source": [
    "# 3. Correlation Analysis\n",
    "\n",
    "## 3.1 Normalizing the data "
   ]
  },
  {
   "cell_type": "code",
   "execution_count": 10,
   "id": "14fd1d33",
   "metadata": {},
   "outputs": [
    {
     "data": {
      "text/html": [
       "<div>\n",
       "<style scoped>\n",
       "    .dataframe tbody tr th:only-of-type {\n",
       "        vertical-align: middle;\n",
       "    }\n",
       "\n",
       "    .dataframe tbody tr th {\n",
       "        vertical-align: top;\n",
       "    }\n",
       "\n",
       "    .dataframe thead th {\n",
       "        text-align: right;\n",
       "    }\n",
       "</style>\n",
       "<table border=\"1\" class=\"dataframe\">\n",
       "  <thead>\n",
       "    <tr style=\"text-align: right;\">\n",
       "      <th></th>\n",
       "      <th>LBXGLU</th>\n",
       "      <th>LBXSGL</th>\n",
       "      <th>LBDHDD</th>\n",
       "      <th>LBDLDL</th>\n",
       "      <th>LBXTC</th>\n",
       "      <th>URXUCR</th>\n",
       "      <th>URDACT</th>\n",
       "      <th>LBXSCR</th>\n",
       "      <th>LBXSGTSI</th>\n",
       "      <th>LBXHGB</th>\n",
       "      <th>LBXMCHSI</th>\n",
       "      <th>LBXMC</th>\n",
       "      <th>LBXIN</th>\n",
       "      <th>URXPREG</th>\n",
       "      <th>LBXTR</th>\n",
       "      <th>LBXSUA</th>\n",
       "      <th>LBXGH</th>\n",
       "    </tr>\n",
       "  </thead>\n",
       "  <tbody>\n",
       "    <tr>\n",
       "      <th>LBXGLU</th>\n",
       "      <td>1.000000</td>\n",
       "      <td>0.820464</td>\n",
       "      <td>-0.140558</td>\n",
       "      <td>-0.086552</td>\n",
       "      <td>0.062423</td>\n",
       "      <td>-0.074051</td>\n",
       "      <td>0.111438</td>\n",
       "      <td>0.058173</td>\n",
       "      <td>0.120720</td>\n",
       "      <td>0.003675</td>\n",
       "      <td>-0.032041</td>\n",
       "      <td>-0.034699</td>\n",
       "      <td>0.154258</td>\n",
       "      <td>0.036916</td>\n",
       "      <td>0.169178</td>\n",
       "      <td>0.058428</td>\n",
       "      <td>0.906995</td>\n",
       "    </tr>\n",
       "    <tr>\n",
       "      <th>LBXSGL</th>\n",
       "      <td>0.820464</td>\n",
       "      <td>1.000000</td>\n",
       "      <td>-0.054420</td>\n",
       "      <td>0.101156</td>\n",
       "      <td>0.106155</td>\n",
       "      <td>-0.053931</td>\n",
       "      <td>0.113582</td>\n",
       "      <td>0.100815</td>\n",
       "      <td>0.137634</td>\n",
       "      <td>0.031730</td>\n",
       "      <td>0.004298</td>\n",
       "      <td>-0.003661</td>\n",
       "      <td>0.185011</td>\n",
       "      <td>0.037713</td>\n",
       "      <td>0.175886</td>\n",
       "      <td>0.031221</td>\n",
       "      <td>0.766333</td>\n",
       "    </tr>\n",
       "    <tr>\n",
       "      <th>LBDHDD</th>\n",
       "      <td>-0.140558</td>\n",
       "      <td>-0.054420</td>\n",
       "      <td>1.000000</td>\n",
       "      <td>0.067629</td>\n",
       "      <td>0.293426</td>\n",
       "      <td>-0.115837</td>\n",
       "      <td>-0.018864</td>\n",
       "      <td>-0.013600</td>\n",
       "      <td>0.049687</td>\n",
       "      <td>-0.170544</td>\n",
       "      <td>0.086418</td>\n",
       "      <td>-0.056717</td>\n",
       "      <td>-0.118460</td>\n",
       "      <td>-0.026952</td>\n",
       "      <td>-0.207046</td>\n",
       "      <td>-0.251021</td>\n",
       "      <td>-0.135507</td>\n",
       "    </tr>\n",
       "    <tr>\n",
       "      <th>LBDLDL</th>\n",
       "      <td>-0.086552</td>\n",
       "      <td>0.101156</td>\n",
       "      <td>0.067629</td>\n",
       "      <td>1.000000</td>\n",
       "      <td>0.287590</td>\n",
       "      <td>0.058663</td>\n",
       "      <td>0.017982</td>\n",
       "      <td>0.010993</td>\n",
       "      <td>0.018766</td>\n",
       "      <td>0.069106</td>\n",
       "      <td>-0.001617</td>\n",
       "      <td>-0.089237</td>\n",
       "      <td>0.173475</td>\n",
       "      <td>0.000624</td>\n",
       "      <td>0.107326</td>\n",
       "      <td>0.042889</td>\n",
       "      <td>0.017593</td>\n",
       "    </tr>\n",
       "    <tr>\n",
       "      <th>LBXTC</th>\n",
       "      <td>0.062423</td>\n",
       "      <td>0.106155</td>\n",
       "      <td>0.293426</td>\n",
       "      <td>0.287590</td>\n",
       "      <td>1.000000</td>\n",
       "      <td>-0.084813</td>\n",
       "      <td>0.017923</td>\n",
       "      <td>0.049529</td>\n",
       "      <td>0.160057</td>\n",
       "      <td>0.099178</td>\n",
       "      <td>0.090049</td>\n",
       "      <td>0.088550</td>\n",
       "      <td>-0.032255</td>\n",
       "      <td>-0.038724</td>\n",
       "      <td>0.207997</td>\n",
       "      <td>0.039805</td>\n",
       "      <td>0.069086</td>\n",
       "    </tr>\n",
       "    <tr>\n",
       "      <th>URXUCR</th>\n",
       "      <td>-0.074051</td>\n",
       "      <td>-0.053931</td>\n",
       "      <td>-0.115837</td>\n",
       "      <td>0.058663</td>\n",
       "      <td>-0.084813</td>\n",
       "      <td>1.000000</td>\n",
       "      <td>-0.034205</td>\n",
       "      <td>0.049007</td>\n",
       "      <td>0.000650</td>\n",
       "      <td>0.091421</td>\n",
       "      <td>-0.069452</td>\n",
       "      <td>-0.029362</td>\n",
       "      <td>0.029661</td>\n",
       "      <td>-0.010429</td>\n",
       "      <td>-0.013615</td>\n",
       "      <td>0.114292</td>\n",
       "      <td>-0.081070</td>\n",
       "    </tr>\n",
       "    <tr>\n",
       "      <th>URDACT</th>\n",
       "      <td>0.111438</td>\n",
       "      <td>0.113582</td>\n",
       "      <td>-0.018864</td>\n",
       "      <td>0.017982</td>\n",
       "      <td>0.017923</td>\n",
       "      <td>-0.034205</td>\n",
       "      <td>1.000000</td>\n",
       "      <td>0.295489</td>\n",
       "      <td>0.031916</td>\n",
       "      <td>-0.075203</td>\n",
       "      <td>-0.016635</td>\n",
       "      <td>-0.039228</td>\n",
       "      <td>0.080884</td>\n",
       "      <td>0.007383</td>\n",
       "      <td>0.057676</td>\n",
       "      <td>0.041713</td>\n",
       "      <td>0.139097</td>\n",
       "    </tr>\n",
       "    <tr>\n",
       "      <th>LBXSCR</th>\n",
       "      <td>0.058173</td>\n",
       "      <td>0.100815</td>\n",
       "      <td>-0.013600</td>\n",
       "      <td>0.010993</td>\n",
       "      <td>0.049529</td>\n",
       "      <td>0.049007</td>\n",
       "      <td>0.295489</td>\n",
       "      <td>1.000000</td>\n",
       "      <td>0.086774</td>\n",
       "      <td>0.012796</td>\n",
       "      <td>0.101956</td>\n",
       "      <td>0.028006</td>\n",
       "      <td>0.017577</td>\n",
       "      <td>0.050908</td>\n",
       "      <td>0.050316</td>\n",
       "      <td>0.267762</td>\n",
       "      <td>0.070297</td>\n",
       "    </tr>\n",
       "    <tr>\n",
       "      <th>LBXSGTSI</th>\n",
       "      <td>0.120720</td>\n",
       "      <td>0.137634</td>\n",
       "      <td>0.049687</td>\n",
       "      <td>0.018766</td>\n",
       "      <td>0.160057</td>\n",
       "      <td>0.000650</td>\n",
       "      <td>0.031916</td>\n",
       "      <td>0.086774</td>\n",
       "      <td>1.000000</td>\n",
       "      <td>0.112667</td>\n",
       "      <td>0.101358</td>\n",
       "      <td>0.054124</td>\n",
       "      <td>0.086578</td>\n",
       "      <td>0.037599</td>\n",
       "      <td>0.111295</td>\n",
       "      <td>0.150443</td>\n",
       "      <td>0.120778</td>\n",
       "    </tr>\n",
       "    <tr>\n",
       "      <th>LBXHGB</th>\n",
       "      <td>0.003675</td>\n",
       "      <td>0.031730</td>\n",
       "      <td>-0.170544</td>\n",
       "      <td>0.069106</td>\n",
       "      <td>0.099178</td>\n",
       "      <td>0.091421</td>\n",
       "      <td>-0.075203</td>\n",
       "      <td>0.012796</td>\n",
       "      <td>0.112667</td>\n",
       "      <td>1.000000</td>\n",
       "      <td>0.442627</td>\n",
       "      <td>0.516769</td>\n",
       "      <td>-0.001514</td>\n",
       "      <td>0.100908</td>\n",
       "      <td>0.115517</td>\n",
       "      <td>0.244244</td>\n",
       "      <td>-0.040923</td>\n",
       "    </tr>\n",
       "    <tr>\n",
       "      <th>LBXMCHSI</th>\n",
       "      <td>-0.032041</td>\n",
       "      <td>0.004298</td>\n",
       "      <td>0.086418</td>\n",
       "      <td>-0.001617</td>\n",
       "      <td>0.090049</td>\n",
       "      <td>-0.069452</td>\n",
       "      <td>-0.016635</td>\n",
       "      <td>0.101956</td>\n",
       "      <td>0.101358</td>\n",
       "      <td>0.442627</td>\n",
       "      <td>1.000000</td>\n",
       "      <td>0.668698</td>\n",
       "      <td>-0.049257</td>\n",
       "      <td>0.024074</td>\n",
       "      <td>0.034924</td>\n",
       "      <td>0.048981</td>\n",
       "      <td>-0.078580</td>\n",
       "    </tr>\n",
       "    <tr>\n",
       "      <th>LBXMC</th>\n",
       "      <td>-0.034699</td>\n",
       "      <td>-0.003661</td>\n",
       "      <td>-0.056717</td>\n",
       "      <td>-0.089237</td>\n",
       "      <td>0.088550</td>\n",
       "      <td>-0.029362</td>\n",
       "      <td>-0.039228</td>\n",
       "      <td>0.028006</td>\n",
       "      <td>0.054124</td>\n",
       "      <td>0.516769</td>\n",
       "      <td>0.668698</td>\n",
       "      <td>1.000000</td>\n",
       "      <td>-0.044825</td>\n",
       "      <td>-0.000941</td>\n",
       "      <td>0.089282</td>\n",
       "      <td>0.084566</td>\n",
       "      <td>-0.096697</td>\n",
       "    </tr>\n",
       "    <tr>\n",
       "      <th>LBXIN</th>\n",
       "      <td>0.154258</td>\n",
       "      <td>0.185011</td>\n",
       "      <td>-0.118460</td>\n",
       "      <td>0.173475</td>\n",
       "      <td>-0.032255</td>\n",
       "      <td>0.029661</td>\n",
       "      <td>0.080884</td>\n",
       "      <td>0.017577</td>\n",
       "      <td>0.086578</td>\n",
       "      <td>-0.001514</td>\n",
       "      <td>-0.049257</td>\n",
       "      <td>-0.044825</td>\n",
       "      <td>1.000000</td>\n",
       "      <td>-0.005986</td>\n",
       "      <td>0.170177</td>\n",
       "      <td>0.081423</td>\n",
       "      <td>0.164883</td>\n",
       "    </tr>\n",
       "    <tr>\n",
       "      <th>URXPREG</th>\n",
       "      <td>0.036916</td>\n",
       "      <td>0.037713</td>\n",
       "      <td>-0.026952</td>\n",
       "      <td>0.000624</td>\n",
       "      <td>-0.038724</td>\n",
       "      <td>-0.010429</td>\n",
       "      <td>0.007383</td>\n",
       "      <td>0.050908</td>\n",
       "      <td>0.037599</td>\n",
       "      <td>0.100908</td>\n",
       "      <td>0.024074</td>\n",
       "      <td>-0.000941</td>\n",
       "      <td>-0.005986</td>\n",
       "      <td>1.000000</td>\n",
       "      <td>-0.008223</td>\n",
       "      <td>0.093334</td>\n",
       "      <td>0.041791</td>\n",
       "    </tr>\n",
       "    <tr>\n",
       "      <th>LBXTR</th>\n",
       "      <td>0.169178</td>\n",
       "      <td>0.175886</td>\n",
       "      <td>-0.207046</td>\n",
       "      <td>0.107326</td>\n",
       "      <td>0.207997</td>\n",
       "      <td>-0.013615</td>\n",
       "      <td>0.057676</td>\n",
       "      <td>0.050316</td>\n",
       "      <td>0.111295</td>\n",
       "      <td>0.115517</td>\n",
       "      <td>0.034924</td>\n",
       "      <td>0.089282</td>\n",
       "      <td>0.170177</td>\n",
       "      <td>-0.008223</td>\n",
       "      <td>1.000000</td>\n",
       "      <td>0.137745</td>\n",
       "      <td>0.156663</td>\n",
       "    </tr>\n",
       "    <tr>\n",
       "      <th>LBXSUA</th>\n",
       "      <td>0.058428</td>\n",
       "      <td>0.031221</td>\n",
       "      <td>-0.251021</td>\n",
       "      <td>0.042889</td>\n",
       "      <td>0.039805</td>\n",
       "      <td>0.114292</td>\n",
       "      <td>0.041713</td>\n",
       "      <td>0.267762</td>\n",
       "      <td>0.150443</td>\n",
       "      <td>0.244244</td>\n",
       "      <td>0.048981</td>\n",
       "      <td>0.084566</td>\n",
       "      <td>0.081423</td>\n",
       "      <td>0.093334</td>\n",
       "      <td>0.137745</td>\n",
       "      <td>1.000000</td>\n",
       "      <td>0.071170</td>\n",
       "    </tr>\n",
       "    <tr>\n",
       "      <th>LBXGH</th>\n",
       "      <td>0.906995</td>\n",
       "      <td>0.766333</td>\n",
       "      <td>-0.135507</td>\n",
       "      <td>0.017593</td>\n",
       "      <td>0.069086</td>\n",
       "      <td>-0.081070</td>\n",
       "      <td>0.139097</td>\n",
       "      <td>0.070297</td>\n",
       "      <td>0.120778</td>\n",
       "      <td>-0.040923</td>\n",
       "      <td>-0.078580</td>\n",
       "      <td>-0.096697</td>\n",
       "      <td>0.164883</td>\n",
       "      <td>0.041791</td>\n",
       "      <td>0.156663</td>\n",
       "      <td>0.071170</td>\n",
       "      <td>1.000000</td>\n",
       "    </tr>\n",
       "  </tbody>\n",
       "</table>\n",
       "</div>"
      ],
      "text/plain": [
       "            LBXGLU    LBXSGL    LBDHDD    LBDLDL     LBXTC    URXUCR  \\\n",
       "LBXGLU    1.000000  0.820464 -0.140558 -0.086552  0.062423 -0.074051   \n",
       "LBXSGL    0.820464  1.000000 -0.054420  0.101156  0.106155 -0.053931   \n",
       "LBDHDD   -0.140558 -0.054420  1.000000  0.067629  0.293426 -0.115837   \n",
       "LBDLDL   -0.086552  0.101156  0.067629  1.000000  0.287590  0.058663   \n",
       "LBXTC     0.062423  0.106155  0.293426  0.287590  1.000000 -0.084813   \n",
       "URXUCR   -0.074051 -0.053931 -0.115837  0.058663 -0.084813  1.000000   \n",
       "URDACT    0.111438  0.113582 -0.018864  0.017982  0.017923 -0.034205   \n",
       "LBXSCR    0.058173  0.100815 -0.013600  0.010993  0.049529  0.049007   \n",
       "LBXSGTSI  0.120720  0.137634  0.049687  0.018766  0.160057  0.000650   \n",
       "LBXHGB    0.003675  0.031730 -0.170544  0.069106  0.099178  0.091421   \n",
       "LBXMCHSI -0.032041  0.004298  0.086418 -0.001617  0.090049 -0.069452   \n",
       "LBXMC    -0.034699 -0.003661 -0.056717 -0.089237  0.088550 -0.029362   \n",
       "LBXIN     0.154258  0.185011 -0.118460  0.173475 -0.032255  0.029661   \n",
       "URXPREG   0.036916  0.037713 -0.026952  0.000624 -0.038724 -0.010429   \n",
       "LBXTR     0.169178  0.175886 -0.207046  0.107326  0.207997 -0.013615   \n",
       "LBXSUA    0.058428  0.031221 -0.251021  0.042889  0.039805  0.114292   \n",
       "LBXGH     0.906995  0.766333 -0.135507  0.017593  0.069086 -0.081070   \n",
       "\n",
       "            URDACT    LBXSCR  LBXSGTSI    LBXHGB  LBXMCHSI     LBXMC  \\\n",
       "LBXGLU    0.111438  0.058173  0.120720  0.003675 -0.032041 -0.034699   \n",
       "LBXSGL    0.113582  0.100815  0.137634  0.031730  0.004298 -0.003661   \n",
       "LBDHDD   -0.018864 -0.013600  0.049687 -0.170544  0.086418 -0.056717   \n",
       "LBDLDL    0.017982  0.010993  0.018766  0.069106 -0.001617 -0.089237   \n",
       "LBXTC     0.017923  0.049529  0.160057  0.099178  0.090049  0.088550   \n",
       "URXUCR   -0.034205  0.049007  0.000650  0.091421 -0.069452 -0.029362   \n",
       "URDACT    1.000000  0.295489  0.031916 -0.075203 -0.016635 -0.039228   \n",
       "LBXSCR    0.295489  1.000000  0.086774  0.012796  0.101956  0.028006   \n",
       "LBXSGTSI  0.031916  0.086774  1.000000  0.112667  0.101358  0.054124   \n",
       "LBXHGB   -0.075203  0.012796  0.112667  1.000000  0.442627  0.516769   \n",
       "LBXMCHSI -0.016635  0.101956  0.101358  0.442627  1.000000  0.668698   \n",
       "LBXMC    -0.039228  0.028006  0.054124  0.516769  0.668698  1.000000   \n",
       "LBXIN     0.080884  0.017577  0.086578 -0.001514 -0.049257 -0.044825   \n",
       "URXPREG   0.007383  0.050908  0.037599  0.100908  0.024074 -0.000941   \n",
       "LBXTR     0.057676  0.050316  0.111295  0.115517  0.034924  0.089282   \n",
       "LBXSUA    0.041713  0.267762  0.150443  0.244244  0.048981  0.084566   \n",
       "LBXGH     0.139097  0.070297  0.120778 -0.040923 -0.078580 -0.096697   \n",
       "\n",
       "             LBXIN   URXPREG     LBXTR    LBXSUA     LBXGH  \n",
       "LBXGLU    0.154258  0.036916  0.169178  0.058428  0.906995  \n",
       "LBXSGL    0.185011  0.037713  0.175886  0.031221  0.766333  \n",
       "LBDHDD   -0.118460 -0.026952 -0.207046 -0.251021 -0.135507  \n",
       "LBDLDL    0.173475  0.000624  0.107326  0.042889  0.017593  \n",
       "LBXTC    -0.032255 -0.038724  0.207997  0.039805  0.069086  \n",
       "URXUCR    0.029661 -0.010429 -0.013615  0.114292 -0.081070  \n",
       "URDACT    0.080884  0.007383  0.057676  0.041713  0.139097  \n",
       "LBXSCR    0.017577  0.050908  0.050316  0.267762  0.070297  \n",
       "LBXSGTSI  0.086578  0.037599  0.111295  0.150443  0.120778  \n",
       "LBXHGB   -0.001514  0.100908  0.115517  0.244244 -0.040923  \n",
       "LBXMCHSI -0.049257  0.024074  0.034924  0.048981 -0.078580  \n",
       "LBXMC    -0.044825 -0.000941  0.089282  0.084566 -0.096697  \n",
       "LBXIN     1.000000 -0.005986  0.170177  0.081423  0.164883  \n",
       "URXPREG  -0.005986  1.000000 -0.008223  0.093334  0.041791  \n",
       "LBXTR     0.170177 -0.008223  1.000000  0.137745  0.156663  \n",
       "LBXSUA    0.081423  0.093334  0.137745  1.000000  0.071170  \n",
       "LBXGH     0.164883  0.041791  0.156663  0.071170  1.000000  "
      ]
     },
     "execution_count": 10,
     "metadata": {},
     "output_type": "execute_result"
    }
   ],
   "source": [
    "min_max_scaler = MinMaxScaler()\n",
    "normalized_df1 = pd.DataFrame(min_max_scaler.fit_transform(merged_dfNHAENES2018_selected), columns=merged_dfNHAENES2018_selected.columns)\n",
    "normalized_df1.corr()"
   ]
  },
  {
   "cell_type": "markdown",
   "id": "112fa04d",
   "metadata": {},
   "source": [
    "## 3.2 Applying the Correlation and Heat map"
   ]
  },
  {
   "cell_type": "code",
   "execution_count": 12,
   "id": "e0591330",
   "metadata": {},
   "outputs": [
    {
     "data": {
